- id: 0
  x: 4.8618316650390625
  y: -32.607696533203125
  yaw: -1.5367631912231445
- id: 1
  x: 5.144922733306885
  y: -25.63572120666504
  yaw: 1.514699459075928
- id: 2
  x: 5.797420024871826
  y: -6.25346565246582
  yaw: 1.5268203020095825
- id: 3
  x: 4.456385612487793
  y: -7.378998756408691
  yaw: -0.0450429692864418
